(10, True, 10, 4, [5, 5], array([[  0.43936935,   0.77111721,   1.19432974,   1.63245511,
          1.96911681,   2.09611392,   1.96911681,   1.63245511,
          1.19432974,   0.77111721],
       [  0.77111721,   1.35335279,   2.09611392,   2.86504793,
          3.45590734,   3.67879438,   3.45590734,   2.86504793,
          2.09611392,   1.35335279],
       [  1.19432974,   2.09611392,   3.24652457,   4.4374733 ,
          5.3526144 ,   5.69782829,   5.3526144 ,   4.4374733 ,
          3.24652457,   2.09611392],
       [  1.63245511,   2.86504793,   4.4374733 ,   6.06530666,
          7.31615591,   7.78800774,   7.31615591,   6.06530666,
          4.4374733 ,   2.86504793],
       [  1.96911681,   3.45590734,   5.3526144 ,   7.31615591,
          8.82496929,   9.39413071,   8.82496929,   7.31615591,
          5.3526144 ,   3.45590734],
       [  2.09611392,   3.67879438,   5.69782829,   7.78800774,
          9.39413071,  10.        ,   9.39413071,   7.78800774,
          5.69782829,   3.67879438],
       [  1.96911681,   3.45590734,   5.3526144 ,   7.31615591,
          8.82496929,   9.39413071,   8.82496929,   7.31615591,
          5.3526144 ,   3.45590734],
       [  1.63245511,   2.86504793,   4.4374733 ,   6.06530666,
          7.31615591,   7.78800774,   7.31615591,   6.06530666,
          4.4374733 ,   2.86504793],
       [  1.19432974,   2.09611392,   3.24652457,   4.4374733 ,
          5.3526144 ,   5.69782829,   5.3526144 ,   4.4374733 ,
          3.24652457,   2.09611392],
       [  0.77111721,   1.35335279,   2.09611392,   2.86504793,
          3.45590734,   3.67879438,   3.45590734,   2.86504793,
          2.09611392,   1.35335279]], dtype=float32))